82
56
68
72
64
82
78
92
54
68
66
89
72
72
62
58
74
60
80
70
92
54
76
66
90
74
76
72
76
70
84
80
56
62
78
80
76
89
70
72
78
84
78
80
68
80
82
78
94
60
78
34
58
66
60
80
50
70
88
87
94
78
70
82
64
64
84
60
76
93
72
54
68
72
93
44
66
78
95
64
72
70
91
70
93
78
62
58
70
66
58
68
64
93
82
76
74
96
76
50
70
93
64
52
60
68
87
91
64
86
62
74
74
89
48
68
92
56
78
70
88
94
76
54
54
78
62
52
95
89
54
90
88
90
78
88
58
84
92
48
78
90
94
74
58
76
88
82
94
62
78
86
92
70
78
82
58
46
60
76
88
74
72
62
56
64
56
84
60
52
70
87
66
74
68
54
72
91
76
66
62
89
54
88
52
54
74
91
68
98
68
54
78
98
70
70
87
78
74
91
72
97
68
64
88
68
62
94
62
72
64
80
92
60
76
93
94
48
58
66
76
52
72
64
60
62
68
90
74
66
87
89
70
66
84
80
80
60
62
87
96
78
78
58
66
74
66
93
78
89
