97
95
84
90
97
98
96
83
98
81
87
82
93
78
96
93
88
87
97
89
86
70
92
91
95
93
83
87
70
76
94
87
91
74
95
62
62
88
87
80
84
68
91
68
86
90
72
97
82
86
86
89
92
88
82
93
94
66
76
89
82
87
93
94
83
85
98
86
84
64
97
93
70
60
94
83
93
96
98
98
70
94
81
98
90
86
98
76
94
89
62
95
88
74
92
72
72
93
90
78
89
97
76
87
92
89
60
93
93
96
95
91
94
89
83
84
70
91
93
92
95
95
89
74
78
62
97
85
74
83
93
78
91
91
90
89
81
89
78
72
76
72
62
89
76
86
90
64
94
97
91
93
62
91
89
70
89
98
91
84
84
90
87
95
93
95
95
74
85
87
68
87
92
70
89
97
97
84
82
74
72
96
85
92
98
93
60
97
84
60
94
92
91
98
60
92
90
76
40
89
74
92
66
87
83
98
91
93
97
86
68
92
89
95
89
92
87
96
76
81
64
92
97
96
96
88
91
88
92
91
96
89
98
54
85
91
62
84
62
66
70
76
82
56
87
95
87
70
93
89
