84
81
98
86
95
83
98
92
88
94
83
92
95
95
94
93
92
87
92
88
93
88
91
94
78
96
95
92
95
98
95
96
96
91
87
93
98
79
93
98
83
93
98
87
94
96
98
94
92
98
93
92
95
97
98
91
93
94
98
92
92
98
95
95
64
93
86
91
84
96
88
93
97
95
85
93
97
78
97
88
91
94
80
92
91
94
77
88
91
91
94
77
97
96
98
96
95
98
98
87
92
98
95
98
87
98
91
98
98
90
94
98
86
93
84
67
98
98
89
93
87
98
90
98
93
97
98
98
93
96
97
80
61
93
90
97
84
95
98
98
96
98
93
91
70
94
96
93
93
93
92
87
96
83
94
93
98
92
88
85
98
97
84
91
87
93
91
98
97
98
96
83
86
86
93
94
98
93
91
93
97
86
91
96
97
98
93
93
98
85
91
98
85
96
95
81
92
95
93
94
98
89
96
98
92
96
95
79
98
89
80
85
66
66
95
92
94
97
72
71
91
94
86
79
92
92
98
93
94
94
96
93
93
98
93
98
98
87
98
60
92
91
92
98
83
95
98
92
85
98
98
87
88
94
67
95
96
95
84
93
89
96
95
67
90
97
90
90
93
97
89
98
90
98
93
98
98
95
86
98
91
93
86
87
95
92
98
91
93
73
98
92
96
93
98
71
94
96
94
74
83
98
91
76
94
92
96
98
83
91
94
90
94
83
86
97
91
94
95
62
91
98
92
90
97
89
87
80
98
98
97
98
96
98
93
91
97
98
98
97
94
96
98
93
83
92
80
98
45
96
98
96
97
98
95
93
97
67
83
98
98
96
84
75
94
66
90
95
94
94
71
83
90
83
95
98
95
94
88
90
77
94
98
93
91
93
96
96
92
73
96
87
94
88
94
85
96
98
84
95
87
98
98
97
98
93
95
92
97
96
83
94
98
91
96
96
95
94
89
98
94
87
95
97
87
96
91
97
98
81
95
87
91
97
79
98
82
91
65
96
98
73
93
89
95
90
89
91
84
94
88
97
98
95
90
98
90
97
98
93
68
92
98
86
87
91
98
95
96
96
87
83
93
94
90
96
98
98
74
80
95
87
91
95
93
95
87
95
85
98
93
93
84
96
98
91
95
97
98
87
94
98
98
98
95
98
95
95
85
93
98
94
89
98
98
92
96
90
97
94
89
88
98
87
87
98
88
92
98
75
93
93
90
93
98
93
94
92
95
94
97
92
98
68
91
98
95
91
89
98
93
98
93
93
94
92
98
88
98
95
91
91
93
79
76
60
93
90
97
97
93
89
85
92
79
95
92
91
84
86
92
97
96
98
86
97
90
80
90
84
77
96
98
98
96
98
95
96
96
98
97
84
95
87
93
58
92
93
98
97
91
98
97
91
90
98
90
96
91
96
98
96
98
97
92
97
96
83
95
83
94
96
96
96
94
98
90
53
93
97
87
91
91
97
87
98
87
80
88
88
92
60
90
94
91
80
93
80
96
87
94
89
93
94
92
92
97
92
93
82
95
95
94
88
89
93
96
93
67
93
96
86
96
98
92
97
96
92
64
74
97
98
89
89
73
96
92
70
90
96
92
71
92
98
98
92
92
89
87
90
98
98
96
98
93
95
89
85
95
92
91
91
98
98
88
96
87
97
93
95
98
88
93
98
98
85
93
95
90
83
94
89
94
97
97
91
98
98
95
94
88
89
93
98
97
85
94
92
93
95
97
83
69
90
95
98
93
91
93
70
97
90
97
94
88
98
97
91
90
89
56
96
91
92
83
92
98
96
94
66
92
95
96
91
95
95
69
96
97
94
97
91
93
97
85
92
96
91
94
82
98
98
87
87
63
96
96
96
92
91
91
89
86
85
95
97
98
98
98
92
98
78
97
96
92
98
93
91
75
98
91
90
97
62
95
94
84
97
75
98
95
98
95
97
91
98
91
95
87
93
93
89
96
97
89
85
69
86
96
96
87
98
95
98
96
90
98
81
94
93
95
86
92
94
90
95
89
90
97
84
98
93
91
93
98
59
94
94
92
98
92
98
98
87
93
90
88
92
79
74
91
96
98
88
90
97
95
97
94
93
86
95
89
95
90
65
98
94
93
97
92
95
95
95
95
93
94
93
72
80
91
89
90
96
93
58
97
98
88
98
98
87
98
93
88
93
92
98
96
90
93
98
86
88
94
89
85
96
78
93
91
98
95
80
98
95
96
79
98
96
93
82
91
89
84
79
96
92
64
98
95
83
95
91
85
88
98
91
91
75
